1,0.9916
2,0.9791
3,0.9777
4,0.9772
5,0.9799
6,0.9781
7,0.9779
8,0.9783
9,0.9785
10,0.9773
11,0.9779
12,0.9838
13,0.9853
14,0.9795
15,0.9824
16,0.983
17,0.9822
18,0.982
19,0.983
20,0.9844
21,0.982
22,0.9815
23,0.9823
24,0.9854
25,0.9824
26,0.9831
27,0.9806
28,0.9817
29,0.9825
30,0.9827
31,0.9859
32,0.9837
33,0.9817
34,0.9812
35,0.9803
36,0.9806
37,0.9813
38,0.9839
39,0.9834
40,0.9815
41,0.9839
42,0.9811
43,0.9837
44,0.983
45,0.9823
46,0.9814
47,0.9815
48,0.9833
49,0.9848
50,0.9836
51,0.9838
52,0.9826
53,0.9818
54,0.983
55,0.9846
56,0.9828
57,0.9833
58,0.9828
59,0.9829
60,0.9853
61,0.9813
62,0.9842
63,0.9844
64,0.9843
65,0.9845
66,0.9815
67,0.9813
68,0.9834
69,0.982
70,0.9824
71,0.982
72,0.9845
73,0.9813
74,0.9837
75,0.9847
76,0.9835
77,0.9839
78,0.9825
79,0.9819
80,0.9824
81,0.9845
82,0.9823
83,0.9834
84,0.9807
85,0.9808
86,0.9843
87,0.9816
88,0.98
89,0.9814
90,0.9833
91,0.983
92,0.9859
93,0.9839
94,0.983
95,0.9789
96,0.9846
97,0.9841
98,0.984
99,0.9836
100,0.9825
