1,0.9687
2,0.7876
3,0.789
4,0.782
5,0.7891
6,0.785
7,0.7866
8,0.7847
9,0.7849
10,0.7839
11,0.7884
12,0.7821
13,0.7878
14,0.7871
15,0.7914
16,0.7837
17,0.7823
18,0.7809
19,0.7867
20,0.7843
21,0.7824
22,0.7846
23,0.7869
24,0.7792
25,0.7858
26,0.7804
27,0.7856
28,0.7853
29,0.7812
30,0.7796
31,0.7839
32,0.7851
33,0.7795
34,0.7858
35,0.7812
36,0.7851
37,0.7844
38,0.7893
39,0.7885
40,0.7871
41,0.7893
42,0.7819
43,0.7884
44,0.786
45,0.7867
46,0.7893
47,0.7824
48,0.7768
49,0.7853
50,0.7896
51,0.7814
52,0.7791
53,0.789
54,0.7898
55,0.7806
56,0.7862
57,0.7849
58,0.7829
59,0.7836
60,0.7829
61,0.7858
62,0.7883
63,0.7869
64,0.7782
65,0.784
66,0.7811
67,0.7862
68,0.7838
69,0.7857
70,0.7787
71,0.7851
72,0.7763
73,0.786
74,0.7905
75,0.7835
76,0.7835
77,0.7883
78,0.7905
79,0.791
80,0.7886
81,0.7885
82,0.7882
83,0.7769
84,0.7847
85,0.7886
86,0.7848
87,0.7853
88,0.7853
89,0.787
90,0.7805
91,0.7892
92,0.7838
93,0.7826
94,0.7841
95,0.7858
96,0.7858
97,0.7865
98,0.7853
99,0.7907
100,0.7936
