6
7
2
3
1
36
8
31
27
23
60
52
43
4
25
12
5
22
32
22
15
14
13
12
15
11
38
55
12
35
22
6
30
5
25
1
28
12
23
6
16
3
47
6
49
0
18
75
41
23
35
3
8
15
26
1
24
78
8
23
12
43
65
32
15
15
2
12
9
22
0
11
17
19
18
75
20
3
9
75
24
3
0
22
47
11
18
5
71
45
9
15
54
9
12
49
9
15
39
11
8
8
4
44
23
40
2
10
16
0
6
21
28
1
5
6
12
13
51
45
2
7
7
6
28
24
4
3
23
4
12
13
4
23
26
8
11
6
7
10
69
47
88
0
61
30
6
2
10
38
75
12
88
18
26
1
24
8
19
15
0
44
5
3
9
57
6
44
35
52
9
1
7
39
22
15
73
6
15
23
23
12
26
49
29
29
2
5
8
9
3
17
69
15
21
32
17
1
2
15
