20
22
1
11
27
27
6
24
5
44
13
6
23
11
34
44
18
24
7
7
87
40
4
33
38
12
8
26
11
3
40
2
40
15
18
25
21
79
87
73
49
13
15
39
20
33
34
22
25
33
46
24
56
2
14
24
6
41
44
32
18
39
20
1
61
38
3
18
41
35
7
100
3
18
28
2
86
28
18
20
1
26
6
15
10
20
3
6
36
31
11
10
32
42
24
35
44
19
61
10
23
19
88
26
18
88
13
1
46
73
26
53
32
18
70
15
70
2
9
13
22
52
4
47
30
12
1
22
22
51
26
32
86
31
22
7
8
47
33
28
10
8
58
15
20
17
26
43
22
69
43
49
42
41
15
28
14
25
1
17
25
25
11
38
23
13
17
0
42
11
12
3
8
16
33
3
56
9
7
33
34
29
88
46
42
24
1
3
8
5
1
74
0
63
17
5
21
26
46
11
