0.99555
0.9963
0.9956
0.9955
0.99625
0.9964
0.99615
0.99605
0.9964
0.9966
0.99635
0.99695
0.99675
0.99695
0.9968
0.9969
0.99705
0.9971
0.99705
0.9974
0.9976
0.9971
0.99795
0.9975
0.9977
0.9981
0.99835
0.99835
0.99835
0.9979
0.9981
0.99835
0.9981
0.9982
0.99865
0.9984
0.99835
0.999
0.9986
0.9984
0.99845
0.99895
0.99865
0.99815
0.99845
0.99825
0.99825
0.99875
0.9982
0.99815
0.99855
0.998
0.9985
0.9982
0.99855
0.9984
0.9982
0.99815
0.9982
0.9986
0.99825
0.9985
0.99825
0.9983
0.9985
0.99855
0.9986
0.99845
0.99835
0.9983
0.9982
0.99835
0.99905
0.99845
0.9984
0.9981
0.99805
0.998
0.99825
0.99845
0.998
0.99875
0.9984
