1,0.9763
2,0.9711
3,0.9509
4,0.9658
5,0.9668
6,0.9676
7,0.9707
8,0.9715
9,0.9686
10,0.9658
11,0.9668
12,0.9647
13,0.9689
14,0.966
15,0.9674
16,0.9693
17,0.9688
18,0.9685
19,0.9658
20,0.9686
21,0.9682
22,0.9661
23,0.9669
24,0.9678
25,0.9686
26,0.9686
27,0.97
28,0.9673
29,0.969
30,0.9684
31,0.9691
32,0.9658
33,0.9684
34,0.9669
35,0.9678
36,0.9644
37,0.9678
38,0.9663
39,0.9681
40,0.9704
41,0.9701
42,0.9689
43,0.9669
44,0.9674
45,0.9678
46,0.9657
47,0.9667
48,0.9657
49,0.9643
50,0.9677
51,0.968
52,0.9679
53,0.9675
54,0.9681
55,0.968
56,0.9709
57,0.97
58,0.9652
59,0.9661
60,0.9692
61,0.968
62,0.9655
63,0.9663
64,0.9659
65,0.966
66,0.9668
67,0.9662
68,0.9648
69,0.9646
70,0.9658
71,0.9644
72,0.9656
73,0.9685
74,0.9685
75,0.9668
76,0.9646
77,0.9659
78,0.9692
79,0.9667
80,0.9694
81,0.967
82,0.9678
83,0.9683
84,0.9663
85,0.9693
86,0.9703
87,0.9674
88,0.9679
89,0.9645
90,0.9664
91,0.9687
92,0.9701
93,0.9659
94,0.9682
95,0.9685
96,0.9679
97,0.9677
98,0.971
99,0.9694
100,0.9688
