0.89745
0.90145
0.88475
0.97555
0.96875
0.98915
0.79655
0.86
0.9674
0.8567
0.98935
0.9745
0.82245
0.9953
0.8937
0.95485
0.9081
0.984
0.9876
0.9448
0.8512
0.99035
0.79165
0.98365
0.98075
0.7991
0.96075
0.8847
0.76235
0.86165
0.8532
0.94055
0.95615
0.9643
0.88605
0.8532
0.86745
0.81325
0.94655
0.9868
0.98515
0.9193
0.993
0.7868
0.8367
0.97585
0.8773
0.985
0.9879
0.87245
0.9483
0.84685
0.87295
0.91415
0.952
0.85305
0.8349
0.8454
0.979
0.781
0.963
0.98505
0.97775
0.89565
0.9773
0.91555
0.9476
0.8934
0.97925
0.9925
0.8001
0.8683
0.9843
0.9615
0.8029
0.98325
0.81755
0.8554
0.89115
0.9627
0.84665
0.90365
0.83045
0.9787
0.98
0.7856
0.985
0.9254
0.97155
0.80715
0.8373
0.9088
0.97945
0.93265
0.9782
0.87495
0.9074
0.99045
0.82
0.9842
