3
20
10
4
35
6
57
67
4
1
14
87
4
15
8
1
49
4
27
6
14
34
9
22
36
12
36
56
10
1
3
32
12
18
9
11
4
9
80
32
28
37
34
43
87
41
32
73
80
98
25
64
40
74
21
13
7
28
16
47
74
37
11
10
55
0
40
15
22
14
32
23
27
21
16
3
8
6
17
20
0
39
14
12
5
8
22
15
6
9
27
60
5
7
24
40
19
38
46
27
31
54
19
3
5
36
6
41
12
64
24
77
19
17
23
5
1
93
22
40
16
26
26
56
2
30
12
31
2
55
26
64
8
11
99
96
15
19
4
54
44
8
45
15
1
12
1
22
74
4
81
37
2
4
5
22
46
23
20
94
7
5
12
9
7
23
10
3
15
10
12
26
12
2
19
11
88
36
64
10
28
33
4
22
32
43
86
26
12
20
1
58
2
70
5
22
30
11
15
6
