0
14
73
3
47
0
11
6
6
59
13
10
27
7
0
1
4
4
7
22
3
11
13
13
27
11
18
47
7
13
0
7
2
15
21
1
2
31
14
20
9
7
4
1
12
35
63
37
30
9
14
3
40
18
24
23
38
12
24
22
12
6
7
10
6
20
1
22
11
5
5
35
10
24
42
31
87
35
3
11
14
7
40
5
8
18
1
26
34
4
6
5
6
31
44
1
4
47
16
32
3
19
7
37
6
2
6
40
7
3
3
10
26
2
18
29
16
6
26
3
17
28
4
26
30
1
13
26
22
66
34
6
14
13
5
25
10
39
3
1
6
7
6
28
11
23
2
15
1
1
27
8
83
3
3
3
52
13
3
2
20
35
22
37
1
44
56
27
7
0
27
29
15
13
8
5
8
34
10
33
5
6
18
3
10
9
3
7
2
17
0
29
6
24
9
0
0
10
7
65
